SceneName,CollisionDetection_min,CollisionDetection_max,CollisionDetection_mean,CollisionDetection_std,CollisionDetection_quartile1,CollisionDetection_quartile2,CollisionDetection_quartile3,CollisionDetection_cardinality,ODESolve_min,ODESolve_max,ODESolve_mean,ODESolve_std,ODESolve_quartile1,ODESolve_quartile2,ODESolve_quartile3,ODESolve_cardinality,ComputeForce_min,ComputeForce_max,ComputeForce_mean,ComputeForce_std,ComputeForce_quartile1,ComputeForce_quartile2,ComputeForce_quartile3,ComputeForce_cardinality,ComputeRHTerm_min,ComputeRHTerm_max,ComputeRHTerm_mean,ComputeRHTerm_std,ComputeRHTerm_quartile1,ComputeRHTerm_quartile2,ComputeRHTerm_quartile3,ComputeRHTerm_cardinality,setSystemMBKMatrix_min,setSystemMBKMatrix_max,setSystemMBKMatrix_mean,setSystemMBKMatrix_std,setSystemMBKMatrix_quartile1,setSystemMBKMatrix_quartile2,setSystemMBKMatrix_quartile3,setSystemMBKMatrix_cardinality,MBKSolve_min,MBKSolve_max,MBKSolve_mean,MBKSolve_std,MBKSolve_quartile1,MBKSolve_quartile2,MBKSolve_quartile3,MBKSolve_cardinality,ProjectAndMechaMap_min,ProjectAndMechaMap_max,ProjectAndMechaMap_mean,ProjectAndMechaMap_std,ProjectAndMechaMap_quartile1,ProjectAndMechaMap_quartile2,ProjectAndMechaMap_quartile3,ProjectAndMechaMap_cardinality,UpdateBBox_min,UpdateBBox_max,UpdateBBox_mean,UpdateBBox_std,UpdateBBox_quartile1,UpdateBBox_quartile2,UpdateBBox_quartile3,UpdateBBox_cardinality,TimeStep_min,TimeStep_max,TimeStep_mean,TimeStep_std,TimeStep_quartile1,TimeStep_quartile2,TimeStep_quartile3,TimeStep_cardinality,SolveConstraint_min,SolveConstraint_max,SolveConstraint_mean,SolveConstraint_std,SolveConstraint_quartile1,SolveConstraint_quartile2,SolveConstraint_quartile3,SolveConstraint_cardinality,PrepareState_min,PrepareState_max,PrepareState_mean,PrepareState_std,PrepareState_quartile1,PrepareState_quartile2,PrepareState_quartile3,PrepareState_cardinality,BuildSystem_min,BuildSystem_max,BuildSystem_mean,BuildSystem_std,BuildSystem_quartile1,BuildSystem_quartile2,BuildSystem_quartile3,BuildSystem_cardinality,SolveSystem_min,SolveSystem_max,SolveSystem_mean,SolveSystem_std,SolveSystem_quartile1,SolveSystem_quartile2,SolveSystem_quartile3,SolveSystem_cardinality,ApplyCorrection_min,ApplyCorrection_max,ApplyCorrection_mean,ApplyCorrection_std,ApplyCorrection_quartile1,ApplyCorrection_quartile2,ApplyCorrection_quartile3,ApplyCorrection_cardinality,CPUUsage_min,CPUUsage_max,CPUUsage_mean,CPUUsage_std,CPUUsage_quartile1,CPUUsage_quartile2,CPUUsage_quartile3,CPUUsage_cardinality
fallingBeamLagrangianCollision,0.323008,0.521727,0.3348949215686275,0.017461624128854047,0.327039,0.331112,0.3352245,255,11.617285,12.465666,12.01839949019608,0.19321205743662334,11.833499,12.082978,12.1541995,255,0.286771,0.369593,0.2939960274509804,0.008819473619259546,0.288976,0.290368,0.297759,255,0.137034,0.17624,0.14147063921568628,0.00585156873312295,0.138932,0.139591,0.140627,255,3.628499,3.873318,3.7239783529411765,0.05201535606006965,3.6885035,3.727341,3.7550005,255,3.628499,3.873318,3.7239783529411765,0.05201535606006965,3.6885035,3.727341,3.7550005,255,0.025256,0.046523,0.02691869019607843,0.0023737537812135133,0.025996,0.026374,0.0267465,255,0.051619,0.074627,0.05362760392156862,0.002422134190188219,0.052766,0.053187,0.053573,255,39.703923,49.436785,46.94277320784314,1.7640261230135552,47.3276445,47.631022,47.7778435,255,27.175367,36.698244,34.40880468235294,1.8012703822892497,35.042184,35.116681,35.1889145,255,0.020809,0.031616,0.02218766274509804,0.001404225962203305,0.021587,0.021932,0.0222015,255,21.783003,22.393367,21.903516737254904,0.06171462011414253,21.868798,21.894785,21.9248005,255,4.86997,14.266686,12.070500721568628,1.7951253604589195,12.7479035,12.79668,12.833332,255,0.39299,0.475684,0.4106642431372549,0.012865076504946995,0.4031565,0.407705,0.4133225,255,0.0,0.0,0.0,0.0,0.0,0.0,0.0,5
SofaScene,8.943696,15.265109,9.380444011965812,0.36014982400777484,9.125759,9.304601,9.5468535,1755,8.652219,14.953495,9.081486280341881,0.3526854273230643,8.8303145,9.007725,9.2451935,1755,0.004784,0.605674,0.17510286989553656,0.16854805292642075,0.03049775,0.1215565,0.275476,10530,0.006218,0.345027,0.08354811614434948,0.07997469271024844,0.01621175,0.0601155,0.14053875,10530,0.038418,5.725061,1.1648965745489077,1.1980641407506363,0.09644375,0.8898285,1.72133175,10530,0.038418,5.725061,1.1648965745489077,1.1980641407506363,0.09644375,0.8898285,1.72133175,10530,0.093615,0.196439,0.11375264444444445,0.012971031628552444,0.103024,0.114077,0.1181215,1755,0.129079,0.22735,0.1437068792022792,0.012469431923500349,0.135738,0.141291,0.144122,1755,23.719696,42.136801,30.917267514529915,3.670413593086831,28.450611,30.430985,32.6986555,1755,14.161245,32.000063,20.932041070085468,3.608640140160031,18.5244885,20.38049,22.821896,1755,0.073974,0.174899,0.08667409344729345,0.010339730627478524,0.0808755,0.084029,0.0883525,1755,13.359794,31.126831,20.070135034188034,3.5177292982475454,17.711808,19.540816,21.9432485,1755,0.107836,0.669345,0.2741087481481481,0.1060930101706539,0.2120015,0.248698,0.3037945,1755,0.435464,0.780028,0.4988447874643875,0.02959732088214088,0.478867,0.495342,0.514088,1755,0.0,0.0,0.0,0.0,0.0,0.0,0.0,5
BilateralLagrangianConstraint_NNCG,0.029937,1.673408,0.09021990399999999,0.11813694876358023,0.0373305,0.0761285,0.106499,1000,0.193731,0.344914,0.215062323,0.02095628159017413,0.19988725,0.2050035,0.229232,1000,0.001984,0.017749,0.00264614725,0.0008788209562063467,0.002138,0.002241,0.00305925,4000,0.004171,0.021775,0.0051772635,0.0011399529883147595,0.004424,0.004606,0.005798,4000,0.014978,0.060205,0.017913691500000002,0.0026050273799574065,0.015887,0.0169565,0.019349,4000,0.014978,0.060205,0.017913691500000002,0.0026050273799574065,0.015887,0.0169565,0.019349,4000,0.020097,0.044254,0.022593719,0.00301333627364073,0.02057475,0.0208985,0.02446325,1000,0.025797,0.053338,0.027878622999999998,0.0025321037022347647,0.026345,0.026697,0.0291125,1000,0.483458,2.365647,0.5869204640000001,0.15110799613268883,0.50020125,0.54641,0.653801,1000,0.090456,0.18949,0.104584257,0.014842178292115716,0.09386675,0.097599,0.1152775,1000,0.025229,0.061294,0.029024247,0.004345566202923504,0.02607175,0.0269895,0.03135875,1000,0.04088,0.106812,0.047898526,0.00787170048180976,0.042273,0.0450455,0.05294075,1000,0.006246,0.024177,0.007614893,0.0019053470674790457,0.00650175,0.00669,0.00809125,1000,0.016561,0.044377,0.019465463,0.0030820036957523267,0.0172585,0.0178475,0.02110975,1000,0.0,0.0,0.0,0.0,0.0,0.0,0.0,5
BilateralLagrangianConstraint_PGS,0.029892,1.689306,0.090726882,0.11932651174446555,0.03725375,0.0777255,0.107663,1000,0.196666,0.34286,0.21748372800000002,0.02044859504758251,0.2015825,0.2067555,0.23269525,1000,0.001984,0.024134,0.0026614295,0.000905529142562375,0.002157,0.0022755,0.00304325,4000,0.004215,0.021997,0.00525157725,0.0012029738501033334,0.0045,0.004677,0.00580925,4000,0.015081,0.051994,0.01806766175,0.002670858308734654,0.01598,0.0172115,0.01938325,4000,0.015081,0.051994,0.01806766175,0.002670858308734654,0.01598,0.0172115,0.01938325,4000,0.020107,0.0457,0.022839128,0.0032320741312067704,0.02061575,0.0209275,0.0247005,1000,0.025754,0.060597,0.028130616999999997,0.003013504791154479,0.0264475,0.026801,0.02945725,1000,0.488892,2.390954,0.592089303,0.15165465222651495,0.504439,0.551205,0.65486875,1000,0.090251,0.199198,0.10520325999999999,0.015562873103074509,0.093502,0.097494,0.116353,1000,0.025315,0.054532,0.029001047999999998,0.004301349713019857,0.0261515,0.0267295,0.0316315,1000,0.041114,0.113798,0.048395354,0.008569649953217691,0.0422345,0.0451635,0.053414,1000,0.006033,0.032664,0.007653236,0.002027914574705749,0.006407,0.0068905,0.00809725,1000,0.016412,0.05858,0.019577742999999998,0.003504177316140124,0.01717975,0.0178405,0.0211325,1000,0.0,1.2,0.24,0.48,0.0,0.0,0.0,5
BilateralLagrangianConstraint_UGS,0.019549,1.648533,0.06277943600000001,0.11411439783863343,0.036967,0.050996,0.0630955,1000,0.196854,0.43585,0.208323134,0.017332834058111906,0.2009755,0.203819,0.20726775,1000,0.001982,0.032178,0.00251750425,0.0010974863814562517,0.002132,0.002208,0.002932,4000,0.004194,0.039088,0.005015582,0.0013668401090749422,0.004412,0.004542,0.005737,4000,0.014956,0.050201,0.01742654225,0.0027183204026043246,0.01575775,0.016627,0.019073,4000,0.014956,0.050201,0.01742654225,0.0027183204026043246,0.01575775,0.016627,0.019073,4000,0.020241,0.057706,0.021333747,0.0030170297335278284,0.020568,0.0206885,0.020839,1000,0.025922,0.106145,0.027477374,0.004005985981768284,0.02634675,0.026559,0.02688425,1000,0.506116,2.393698,0.56771244,0.139827331609283,0.52147775,0.550232,0.57048175,1000,0.102508,0.308294,0.126671511,0.018487883607105467,0.11487725,0.1245635,0.13109725,1000,0.025652,0.06517,0.027381691,0.0037784573907242887,0.026255,0.0265185,0.026777,1000,0.046393,0.133307,0.050190620000000005,0.00775451662088618,0.0474755,0.047863,0.04897075,1000,0.00934,0.084772,0.029819106,0.010665646494552686,0.02099725,0.03088,0.03570275,1000,0.016912,0.058084,0.018701894,0.0033661135103801834,0.017419,0.0176285,0.018177,1000,0.0,1.2,0.24,0.48000000000000004,0.0,0.0,0.0,5
FrictionContact_LCP_with_friction,0.020687,1.454847,0.07500053100000001,0.09520020770574525,0.068436,0.0692475,0.07029,1000,0.060157,0.134253,0.078485183,0.007986388277407441,0.0777915,0.0785825,0.0794675,1000,0.002868,0.014563,0.004147186,0.0006676915256344056,0.00413,0.004192,0.004261,1000,0.00577,0.023122,0.007666566,0.0011796347695977767,0.007597,0.007679,0.007756,1000,0.019143,0.048602,0.025739911,0.002813245622600167,0.02573975,0.025969,0.0262265,1000,0.019143,0.048602,0.025739911,0.002813245622600167,0.02573975,0.025969,0.0262265,1000,0.006189,0.024471,0.009394137,0.0013816827190896613,0.009397,0.009525,0.00967925,1000,0.010076,0.02998,0.012271042,0.0012456148466664968,0.012182,0.01229,0.012393,1000,0.15846,1.717803,0.261639787,0.10459909350711234,0.25714425,0.260087,0.26290425,1000,0.012729,0.109312,0.039388440000000004,0.010096024289313096,0.0404365,0.0409125,0.0420675,1000,0.001945,0.023176,0.003061464,0.0008556043657579126,0.003003,0.003057,0.00311325,1000,0.007277,0.048779,0.017359463,0.004111972349448741,0.01736075,0.01759,0.017828,1000,0.001884,0.081128,0.016814089,0.006334415832346263,0.0181865,0.018384,0.01855625,1000,0.000966,0.006848,0.001412987,0.0006578560365543513,0.001263,0.0013085,0.001355,1000,0.0,1.2,0.24,0.48000000000000004,0.0,0.0,0.0,5
FrictionContact_LCP_without_friction,0.031202,1.555087,0.090062855,0.09972633104543642,0.06903425,0.094266,0.09831925,1000,0.060367,0.13156,0.078696777,0.0075278574421458735,0.0779085,0.0786195,0.0797995,1000,0.002938,0.011075,0.004174879,0.0006517225946359387,0.004143,0.004217,0.004282,1000,0.005893,0.016557,0.007685316,0.0010915980359747814,0.007583,0.007682,0.0077805,1000,0.018935,0.052653,0.025923527999999998,0.002746949413297595,0.02585175,0.0260845,0.02631925,1000,0.018935,0.052653,0.025923527999999998,0.002746949413297595,0.02585175,0.0260845,0.02631925,1000,0.006251,0.019844,0.009407429,0.0013935306264876276,0.009387,0.0095435,0.009702,1000,0.010231,0.02743,0.012319366,0.0011562025869388114,0.01219575,0.012334,0.012496,1000,0.1591,1.816639,0.26686077399999997,0.10946580280317193,0.2458915,0.2748295,0.281724,1000,0.012737,0.062244,0.029363772,0.006699364442692755,0.0270955,0.0311775,0.03183275,1000,0.002009,0.014487,0.003127848,0.0007859952600976675,0.003029,0.00311,0.003191,1000,0.007256,0.039387,0.016065169,0.003600309766456075,0.01571725,0.016461,0.016752,1000,0.001891,0.022442,0.008027285,0.002909510390387874,0.006445,0.0096925,0.0099805,1000,0.000969,0.01721,0.0014133659999999999,0.0007787066238603599,0.001247,0.001307,0.00137,1000,0.0,1.2,0.24,0.48000000000000004,0.0,0.0,0.0,5
FixedProjectiveConstraint,0.005201,0.15146,0.006285591,0.008920219260293941,0.00544575,0.0055945,0.00573,1000,1.120556,1.312549,1.151551529,0.03169967359319586,1.12642875,1.1374655,1.170796,1000,0.066788,0.100559,0.06854114900000001,0.0031879954816152107,0.06727175,0.0674785,0.0697585,1000,0.037688,0.069769,0.039133159,0.002428632854862793,0.038033,0.0383965,0.0388605,1000,0.015213,0.042124,0.016058924999999998,0.0021272182392446243,0.0155615,0.01571,0.01590625,1000,0.991663,1.133922,1.019791329,0.02888480894215434,0.9963165,1.007284,1.0356495,1000,0.002705,0.005806,0.0030093200000000002,0.0002126180086446113,0.002914,0.002997,0.003061,1000,0.010927,0.030637,0.011391727,0.0009616998723463574,0.01119675,0.011288,0.011398,1000,1.155497,1.504462,1.1889276029999998,0.03601911822062543,1.163006,1.1743945,1.20725275,1000,NaN,NaN,NaN,NaN,NaN,NaN,NaN,NaN,NaN,NaN,NaN,NaN,NaN,NaN,NaN,NaN,NaN,NaN,NaN,NaN,NaN,NaN,NaN,NaN,NaN,NaN,NaN,NaN,NaN,NaN,NaN,NaN,NaN,NaN,NaN,NaN,NaN,NaN,NaN,NaN,0.0,1.2,0.24,0.48000000000000004,0.0,0.0,0.0,5
FEMBAR_EigenSimplicialLDLT,0.000292,0.003243,0.000376399,0.00016135129934091017,0.000332,0.000354,0.000395,1000,2.568022,5.033001,2.625138135,0.1845748923080514,2.57974575,2.593927,2.6158595,1000,0.051957,0.093086,0.053779726,0.003364708822308997,0.0524155,0.052715,0.0544455,1000,0.044457,0.088181,0.045614849,0.002872185387157138,0.044868,0.045009,0.04521225,1000,0.689756,2.166935,0.711875763,0.09714749478444018,0.695433,0.6982,0.712756,1000,1.768945,2.782674,1.806124679,0.10350366195739144,1.7744235,1.779814,1.79735325,1000,0.001253,0.003059,0.0014453489999999999,0.00014191617666425485,0.001359,0.001417,0.0015,1000,0.011899,0.02543,0.012451735,0.0009692606175714558,0.0121555,0.0123035,0.0124735,1000,2.591789,5.092488,2.651017698,0.18679568622668136,2.606327,2.619769,2.64168175,1000,NaN,NaN,NaN,NaN,NaN,NaN,NaN,NaN,NaN,NaN,NaN,NaN,NaN,NaN,NaN,NaN,NaN,NaN,NaN,NaN,NaN,NaN,NaN,NaN,NaN,NaN,NaN,NaN,NaN,NaN,NaN,NaN,NaN,NaN,NaN,NaN,NaN,NaN,NaN,NaN,0.0,1.2,0.48,0.5878775382679627,0.0,0.0,1.2,5
FEMBAR_EigenSimplicialLLT,0.000283,0.001045,0.000338876,5.365212599701898e-05,0.000313,0.00033,0.00035,1000,2.589978,4.882831,2.651422121,0.17740497991906076,2.59938875,2.6229595,2.6452515,1000,0.050968,0.095927,0.053895889,0.0030934207852600652,0.05262075,0.0528845,0.0544545,1000,0.042946,0.087386,0.045805161,0.0033411677481202584,0.04463175,0.044995,0.04665225,1000,0.690318,1.93274,0.7093094910000001,0.08574167246522499,0.695906,0.698139,0.70221425,1000,1.790857,2.808979,1.834897638,0.10749330092190376,1.79731675,1.8127525,1.8330615,1000,0.001206,0.003735,0.0014129400000000001,0.00014465579974546475,0.001344,0.001401,0.001457,1000,0.01183,0.025206,0.012427995,0.0010620855252638556,0.01212975,0.01227,0.01242025,1000,2.613429,4.937965,2.676764,0.17959153248454116,2.62420925,2.6479725,2.67161725,1000,NaN,NaN,NaN,NaN,NaN,NaN,NaN,NaN,NaN,NaN,NaN,NaN,NaN,NaN,NaN,NaN,NaN,NaN,NaN,NaN,NaN,NaN,NaN,NaN,NaN,NaN,NaN,NaN,NaN,NaN,NaN,NaN,NaN,NaN,NaN,NaN,NaN,NaN,NaN,NaN,0.0,1.2,0.24,0.48000000000000004,0.0,0.0,0.0,5
FEMBAR_EigenSparseLU,0.000309,0.011389,0.000460805,0.00036106861532816725,0.000392,0.000416,0.0005,1000,3.336505,5.761646,3.426992488,0.2061061824555631,3.36076525,3.3790325,3.41455875,1000,0.052837,0.119764,0.05757549,0.0066094530254704135,0.05482225,0.0555175,0.0584775,1000,0.043593,0.105037,0.047823236,0.0053100350803270595,0.04573175,0.0465365,0.04814525,1000,0.694291,1.892909,0.717227692,0.08539791565081163,0.70131675,0.703493,0.70895225,1000,2.526863,3.746229,2.594649271,0.13136961112617163,2.546536,2.556506,2.587297,1000,0.0013,0.013439,0.0017659770000000002,0.0007143245680158285,0.001577,0.0016795,0.001793,1000,0.012857,0.043711,0.014021049,0.0019758649550510785,0.01336075,0.013606,0.013958,1000,3.363426,5.824782,3.456784475,0.20968350014487877,3.38923425,3.4079985,3.442526,1000,NaN,NaN,NaN,NaN,NaN,NaN,NaN,NaN,NaN,NaN,NaN,NaN,NaN,NaN,NaN,NaN,NaN,NaN,NaN,NaN,NaN,NaN,NaN,NaN,NaN,NaN,NaN,NaN,NaN,NaN,NaN,NaN,NaN,NaN,NaN,NaN,NaN,NaN,NaN,NaN,0.0,1.2,0.24,0.48000000000000004,0.0,0.0,0.0,5
FEMBAR_EigenSparseQR,0.000301,0.002897,0.000424633,0.00010691234873016307,0.000384,0.0004085,0.00044,1000,10.942075,14.155766,11.094229101,0.24060741140757658,10.99329125,11.034655,11.129486,1000,0.05458,0.119418,0.058583055,0.00466203570749678,0.0566425,0.0579755,0.058796,1000,0.045351,0.089136,0.048035568,0.0034463938653868337,0.04662575,0.047285,0.04845675,1000,0.694809,1.99553,0.723204213,0.085777837431423,0.70527075,0.7097255,0.7161715,1000,10.118284,12.017024,10.254419539999999,0.1677784331519114,10.1672055,10.203387,10.29268425,1000,0.0013,0.012346,0.00169605,0.0004351691504461226,0.00152475,0.001627,0.00178225,1000,0.013556,0.043619,0.014731974,0.0013015087603715926,0.014318,0.01455,0.01484025,1000,10.971233,14.222003,11.125181245999999,0.2429562920522444,11.02456575,11.0643405,11.1595415,1000,NaN,NaN,NaN,NaN,NaN,NaN,NaN,NaN,NaN,NaN,NaN,NaN,NaN,NaN,NaN,NaN,NaN,NaN,NaN,NaN,NaN,NaN,NaN,NaN,NaN,NaN,NaN,NaN,NaN,NaN,NaN,NaN,NaN,NaN,NaN,NaN,NaN,NaN,NaN,NaN,0.0,1.2,0.24,0.48000000000000004,0.0,0.0,0.0,5
FEMBAR_PrecomputedLinearSolver,0.000268,0.001078,0.00039144799999999997,8.011021967264851e-05,0.00034575,0.000381,0.000426,1000,0.743454,105.210875,1.300434018,7.321482181960675,0.7609005,0.7765225,0.7938515,1000,0.05395,0.108153,0.057848571,0.00496900073646191,0.0562145,0.0569545,0.05770875,1000,0.044307,0.080855,0.047741636,0.0036144737051891796,0.04643975,0.047379,0.0480065,1000,0.000147,6.733426,0.033698478999999996,0.4695192501659091,0.000216,0.000254,0.000297,1000,0.635161,98.361814,1.1526168970000001,6.850130816165609,0.6456635,0.6623485,0.68089475,1000,0.001256,0.012246,0.001672269,0.0004430380419772099,0.00151475,0.001618,0.00175525,1000,0.012456,0.037361,0.014127053,0.0015520789381313698,0.013484,0.013956,0.01445125,1000,0.770097,105.281365,1.33002052,7.324379862747022,0.78989425,0.8055135,0.82321475,1000,NaN,NaN,NaN,NaN,NaN,NaN,NaN,NaN,NaN,NaN,NaN,NaN,NaN,NaN,NaN,NaN,NaN,NaN,NaN,NaN,NaN,NaN,NaN,NaN,NaN,NaN,NaN,NaN,NaN,NaN,NaN,NaN,NaN,NaN,NaN,NaN,NaN,NaN,NaN,NaN,0.0,0.0,0.0,0.0,0.0,0.0,0.0,5
FEMBAR_SparseLDLSolver,0.000274,0.004685,0.000325456,0.00016440186758063304,0.0003,0.00031,0.000325,1000,0.071933,4.527394,1.2695397595,1.2011213483104235,0.072218,1.2646835,2.43958325,2000,0.051954,0.085477,0.054135428,0.0029328235819455627,0.05270675,0.0529755,0.0558195,1000,0.044352,0.080799,0.046074821,0.00274650857907981,0.04485275,0.0450975,0.047522,1000,0.688212,1.989005,0.710213428,0.08615175350468972,0.6961435,0.699673,0.70724325,1000,1.616962,2.463845,1.6482149240000001,0.07507700068917394,1.6223065,1.6270825,1.655344,1000,0.001157,0.012826,0.0013526620000000001,0.00039491117198175085,0.001275,0.001321,0.001369,1000,0.011667,0.034817,0.012286493,0.001215735174267406,0.01201975,0.012112,0.01225925,1000,2.441684,4.582273,2.49090524,0.15334117672240682,2.45084225,2.4646985,2.49447025,1000,NaN,NaN,NaN,NaN,NaN,NaN,NaN,NaN,NaN,NaN,NaN,NaN,NaN,NaN,NaN,NaN,NaN,NaN,NaN,NaN,NaN,NaN,NaN,NaN,NaN,NaN,NaN,NaN,NaN,NaN,NaN,NaN,NaN,NaN,NaN,NaN,NaN,NaN,NaN,NaN,0.0,0.0,0.0,0.0,0.0,0.0,0.0,5
FEMBAR_MinResLinearSolver,0.000243,0.002561,0.000291794,8.19387915702935e-05,0.00027,0.000282,0.00030225,1000,2.902801,3.833503,3.230866842,0.1846010995646641,3.0758485,3.210448,3.34876625,1000,0.051532,0.101655,0.054264632,0.004007352828561019,0.052079,0.05286,0.055855,1000,0.043621,0.099541,0.045452398,0.0033520923020698584,0.04401875,0.044336,0.0467015,1000,0.016922,0.047633,0.017877881,0.0019838789597248618,0.017317,0.0174815,0.01781125,1000,2.782625,3.665906,3.106924298,0.18234432107199058,2.95438425,3.083968,3.22098425,1000,0.001014,0.011418,0.0011835139999999999,0.00033828332475012717,0.001114,0.001155,0.001202,1000,0.011128,0.024403,0.011571623999999999,0.0010081879579840259,0.011335,0.01142,0.011522,1000,2.924697,3.884365,3.253852045,0.18500308955843678,3.098531,3.2320195,3.37038275,1000,NaN,NaN,NaN,NaN,NaN,NaN,NaN,NaN,NaN,NaN,NaN,NaN,NaN,NaN,NaN,NaN,NaN,NaN,NaN,NaN,NaN,NaN,NaN,NaN,NaN,NaN,NaN,NaN,NaN,NaN,NaN,NaN,NaN,NaN,NaN,NaN,NaN,NaN,NaN,NaN,0.0,0.0,0.0,0.0,0.0,0.0,0.0,5
FEMBAR_ShewchukPCGLinearSolver,0.000236,0.000852,0.000278271,4.448082237324306e-05,0.000257,0.00027,0.000289,1000,0.448375,0.995753,0.624666755,0.08291084777884601,0.58802175,0.6277275,0.67703325,1000,0.051402,0.104719,0.053151295,0.003196998880821668,0.0517475,0.051851,0.055183,1000,0.043758,0.073696,0.04516679,0.0024223781768955895,0.04405775,0.044249,0.04660275,1000,0.016643,0.036296,0.017732067,0.0015791065279172904,0.01721375,0.0173835,0.017559,1000,0.329601,0.815147,0.502326295,0.08129919639233818,0.46860775,0.5004895,0.54970325,1000,0.001026,0.010124,0.001182019,0.0004649976243369422,0.001115,0.0011435,0.001175,1000,0.011056,0.022045,0.011453926,0.0007996400818643347,0.01125475,0.011336,0.011445,1000,0.472379,1.049425,0.647487544,0.08378890579094624,0.60979625,0.650745,0.6999235,1000,NaN,NaN,NaN,NaN,NaN,NaN,NaN,NaN,NaN,NaN,NaN,NaN,NaN,NaN,NaN,NaN,NaN,NaN,NaN,NaN,NaN,NaN,NaN,NaN,NaN,NaN,NaN,NaN,NaN,NaN,NaN,NaN,NaN,NaN,NaN,NaN,NaN,NaN,NaN,NaN,0.0,0.0,0.0,0.0,0.0,0.0,0.0,5
FEMBAR_CGLinearSolver,0.000248,0.013352,0.000299805,0.000421723932181943,0.00027,0.000278,0.00029,1000,2.901787,3.901056,3.3578397599999996,0.19491244578585123,3.20239875,3.3882105,3.48565775,1000,0.051371,0.115669,0.052938375999999995,0.0035864002535444923,0.051795,0.052079,0.0527165,1000,0.042319,0.083886,0.044583436000000004,0.002977481511933198,0.04390675,0.0441535,0.04492275,1000,0.016906,0.03734,0.017680739,0.0013193211106015852,0.017282,0.017421,0.01764775,1000,2.784207,3.782487,3.236252908,0.19496481458054304,3.080525,3.268183,3.36556,1000,0.000983,0.007154,0.001210576,0.00022680739896220316,0.001139,0.001186,0.001229,1000,0.011043,0.021851,0.011525737999999999,0.000768708705138689,0.011297,0.011399,0.01153975,1000,2.925998,3.924917,3.380829389,0.19469413372570235,3.22486975,3.4118835,3.50832625,1000,NaN,NaN,NaN,NaN,NaN,NaN,NaN,NaN,NaN,NaN,NaN,NaN,NaN,NaN,NaN,NaN,NaN,NaN,NaN,NaN,NaN,NaN,NaN,NaN,NaN,NaN,NaN,NaN,NaN,NaN,NaN,NaN,NaN,NaN,NaN,NaN,NaN,NaN,NaN,NaN,0.0,1.2,0.24,0.48000000000000004,0.0,0.0,0.0,5
FEMBAR_CGLinearSolver_assembled,0.000263,0.002424,0.000304017,8.29006436102881e-05,0.000287,0.000295,0.000305,1000,2.016406,3.34683,2.19838479,0.11438386955930412,2.120107,2.1972,2.255248,1000,0.05086,0.094108,0.052808642,0.0034485960157484377,0.0520505,0.052193,0.0523265,1000,0.042958,0.084592,0.045113007,0.0030122426875919214,0.044472,0.044595,0.044756,1000,0.686666,1.964921,0.703260152,0.0847796613586118,0.691576,0.693446,0.6954235,1000,1.222751,1.673698,1.390360882,0.08374847079326331,1.32006725,1.3992585,1.45476925,1000,0.001101,0.016893,0.001258833,0.0005871963973927293,0.00118775,0.001219,0.001257,1000,0.011401,0.021298,0.011798494000000001,0.0006717330139006122,0.01163225,0.011708,0.01179525,1000,2.038575,3.397847,2.222017191,0.11562886411205689,2.14493825,2.220556,2.279241,1000,NaN,NaN,NaN,NaN,NaN,NaN,NaN,NaN,NaN,NaN,NaN,NaN,NaN,NaN,NaN,NaN,NaN,NaN,NaN,NaN,NaN,NaN,NaN,NaN,NaN,NaN,NaN,NaN,NaN,NaN,NaN,NaN,NaN,NaN,NaN,NaN,NaN,NaN,NaN,NaN,0.0,1.2,0.24,0.48000000000000004,0.0,0.0,0.0,5
FEMBAR_PCG_BlockJacobiPreconditioner,0.000245,0.008992,0.000344255,0.00046822178929968643,0.000266,0.000275,0.000285,1000,0.92633,1.805852,1.019208132,0.07920856089244759,0.99169375,0.9988505,1.02923825,1000,0.051888,0.093609,0.054269072,0.004788895399861642,0.05229775,0.0524745,0.05593525,1000,0.043901,0.095111,0.046097835,0.004992304585036353,0.044296,0.0444755,0.04675925,1000,0.461865,0.913069,0.47793078299999997,0.03495965175630202,0.4649185,0.468645,0.47488675,1000,0.3547,0.895784,0.43378453100000003,0.05135212839371937,0.42004925,0.425439,0.445036,1000,0.001094,0.01091,0.001365481,0.0006777956651078553,0.001199,0.0012265,0.00125725,1000,0.0113,0.032204,0.012088765,0.001778719695672986,0.0115735,0.011674,0.0118105,1000,0.948946,1.842805,1.043507146,0.08121414612949325,1.0143645,1.022845,1.0533785,1000,NaN,NaN,NaN,NaN,NaN,NaN,NaN,NaN,NaN,NaN,NaN,NaN,NaN,NaN,NaN,NaN,NaN,NaN,NaN,NaN,NaN,NaN,NaN,NaN,NaN,NaN,NaN,NaN,NaN,NaN,NaN,NaN,NaN,NaN,NaN,NaN,NaN,NaN,NaN,NaN,0.0,1.2,0.24,0.48000000000000004,0.0,0.0,0.0,5
FEMBAR_PCG_JacobiPreconditioner,0.000255,0.005244,0.000331167,0.0003832199539572542,0.000272,0.000279,0.000288,1000,0.829944,1.578287,0.922817035,0.058271883064508694,0.8965475,0.904682,0.9422165,1000,0.050989,0.086359,0.053176154,0.003026745593915022,0.05224375,0.052406,0.05259975,1000,0.042771,0.080156,0.04520360700000001,0.0036886513460275693,0.044273,0.044476,0.04483675,1000,0.373513,0.560972,0.383795577,0.0159915092622326,0.37473625,0.380481,0.386107,1000,0.350156,0.880206,0.433541059,0.046466936884364554,0.41361925,0.4179015,0.444373,1000,0.001126,0.01085,0.001386209,0.0007009962605599262,0.001204,0.001232,0.001306,1000,0.011423,0.026171,0.011892791,0.0009718676727409961,0.01162575,0.0117095,0.01180525,1000,0.856617,1.630558,0.9469343619999999,0.05984021438119148,0.92024875,0.9283855,0.96588775,1000,NaN,NaN,NaN,NaN,NaN,NaN,NaN,NaN,NaN,NaN,NaN,NaN,NaN,NaN,NaN,NaN,NaN,NaN,NaN,NaN,NaN,NaN,NaN,NaN,NaN,NaN,NaN,NaN,NaN,NaN,NaN,NaN,NaN,NaN,NaN,NaN,NaN,NaN,NaN,NaN,0.0,1.2,0.48,0.5878775382679627,0.0,0.0,1.2,5
FEMBAR_PCG_NoPreconditioner,0.000233,0.001013,0.000275427,4.829750170557479e-05,0.00026,0.000267,0.000281,1000,0.448775,1.033567,0.627655449,0.08587559610934528,0.58707,0.6346205,0.68294875,1000,0.051713,0.098209,0.054024017,0.0040570246246123525,0.05205125,0.052811,0.05557625,1000,0.043553,0.083628,0.045702470999999995,0.0038054588555335874,0.04422525,0.0445415,0.0462905,1000,0.016861,0.045498,0.017868953,0.002222578683149598,0.01721675,0.0173875,0.0176195,1000,0.32877,0.86617,0.503681952,0.08360598528148386,0.466902,0.511646,0.5614735,1000,0.001009,0.009997,0.001143465,0.00029186736161311355,0.00109475,0.001123,0.001154,1000,0.010958,0.037756,0.011511458,0.0013163090542254886,0.01124275,0.0113505,0.01147725,1000,0.470493,1.084688,0.650575088,0.08677929637555408,0.61019575,0.656621,0.70617,1000,NaN,NaN,NaN,NaN,NaN,NaN,NaN,NaN,NaN,NaN,NaN,NaN,NaN,NaN,NaN,NaN,NaN,NaN,NaN,NaN,NaN,NaN,NaN,NaN,NaN,NaN,NaN,NaN,NaN,NaN,NaN,NaN,NaN,NaN,NaN,NaN,NaN,NaN,NaN,NaN,0.0,1.2,0.24,0.48000000000000004,0.0,0.0,0.0,5
FEMBAR_PCG_PrecomputedWarpPreconditioner,0.000234,0.010622,0.000291517,0.00044627072468514004,0.00026,0.000268,0.000276,1000,0.297126,0.435272,0.304169407,0.014617585727450038,0.298576,0.299819,0.30324725,1000,0.10695,0.154683,0.108975826,0.005517713365491542,0.107373,0.10754,0.1077385,1000,0.058739,0.112267,0.06054472,0.004494002123452992,0.05914175,0.0594095,0.059749,1000,0.03684,0.088005,0.038542599999999996,0.003371016360387472,0.0375415,0.037816,0.038089,1000,0.087094,0.167487,0.089814406,0.007550770074049667,0.08792875,0.0882125,0.088635,1000,0.001007,0.006236,0.00114046,0.0001763454178593819,0.0011,0.00113,0.001159,1000,0.011536,0.027068,0.011939467,0.0008476521461725912,0.011739,0.011822,0.011937,1000,0.319912,0.484242,0.328153798,0.01598350063375342,0.3218515,0.3244015,0.327252,1000,NaN,NaN,NaN,NaN,NaN,NaN,NaN,NaN,NaN,NaN,NaN,NaN,NaN,NaN,NaN,NaN,NaN,NaN,NaN,NaN,NaN,NaN,NaN,NaN,NaN,NaN,NaN,NaN,NaN,NaN,NaN,NaN,NaN,NaN,NaN,NaN,NaN,NaN,NaN,NaN,0.0,0.0,0.0,0.0,0.0,0.0,0.0,5
FEMBAR_PCG_SSORPreconditioner,0.000282,0.008052,0.000393873,0.0004427696227960992,0.000326,0.000341,0.00035525,1000,3.946163,8.017124,4.100609176,0.30029436403893267,3.9958405,4.0731955,4.1151525,1000,0.050554,0.089758,0.053530675,0.003615439684654551,0.05192275,0.0522275,0.05553825,1000,0.042868,0.083168,0.045509271999999996,0.0038683810326822768,0.04427775,0.0445895,0.04659325,1000,3.467852,6.902688,3.5484740649999997,0.2595559326534009,3.487244,3.4995015,3.5275005,1000,0.369884,0.973312,0.445295754,0.06898290915651124,0.37915725,0.4789765,0.49109175,1000,0.001174,0.005801,0.00145861,0.0005983324192286426,0.00128675,0.001334,0.001377,1000,0.012004,0.034208,0.012583191999999998,0.0012057595030253753,0.01229,0.012375,0.012472,1000,3.96986,8.073011,4.12611048,0.302110510166905,4.02046325,4.0977085,4.14000425,1000,NaN,NaN,NaN,NaN,NaN,NaN,NaN,NaN,NaN,NaN,NaN,NaN,NaN,NaN,NaN,NaN,NaN,NaN,NaN,NaN,NaN,NaN,NaN,NaN,NaN,NaN,NaN,NaN,NaN,NaN,NaN,NaN,NaN,NaN,NaN,NaN,NaN,NaN,NaN,NaN,0.0,0.0,0.0,0.0,0.0,0.0,0.0,5
FEMBAR_PCG_WarpPreconditioner,0.000303,0.001036,0.000368712,7.641556815204607e-05,0.000334,0.000343,0.00038,1000,0.096694,11.728449,1.476570835,1.9760595548117126,0.09737,0.098923,4.07098575,3000,0.052121,0.107774,0.05497441199999999,0.005137824537122303,0.052642,0.0529105,0.05666025,1000,0.044259,0.084777,0.046734524,0.0039851528722778,0.04482675,0.04523,0.048288,1000,0.714813,2.005369,0.7414938719999999,0.08760006101697428,0.72299525,0.7268105,0.74448,1000,3.216934,9.611417,3.379669808,0.48627661577105186,3.23454675,3.2605115,3.48636675,1000,0.001329,0.004599,0.001616587,0.00027368768045164175,0.00147975,0.0015465,0.00166525,1000,0.01336,0.032284,0.014407114,0.0017285832965188573,0.0138,0.013998,0.014265,1000,4.072114,11.791655,4.262359425,0.5741615834724476,4.1001975,4.1302695,4.374543,1000,NaN,NaN,NaN,NaN,NaN,NaN,NaN,NaN,NaN,NaN,NaN,NaN,NaN,NaN,NaN,NaN,NaN,NaN,NaN,NaN,NaN,NaN,NaN,NaN,NaN,NaN,NaN,NaN,NaN,NaN,NaN,NaN,NaN,NaN,NaN,NaN,NaN,NaN,NaN,NaN,0.0,0.0,0.0,0.0,0.0,0.0,0.0,5
MatrixAssembly_assembledCG,0.000373,0.009419,0.0005527290000000001,0.0005485859327024346,0.000438,0.000467,0.000499,1000,16.63043,33.742485,16.897861203,1.1734384699521172,16.74065175,16.7926405,16.8566005,1000,0.276401,0.394051,0.28213789899999997,0.010942285955539591,0.2775405,0.2792325,0.2817175,1000,0.139446,0.228167,0.14352626500000001,0.0065136092100136775,0.14078175,0.1414115,0.1429905,1000,14.591373,31.433429,14.789604661,1.1590127451541412,14.662298,14.7041205,14.744564,1000,1.585424,1.982768,1.672693327,0.0758743065594808,1.637885,1.6417825,1.68188375,1000,0.001704,0.012324,0.002088982,0.000718087346829061,0.00188,0.001941,0.002026,1000,0.020175,0.045259,0.021172018,0.00208199927369728,0.02060275,0.020777,0.02099825,1000,16.666954,33.834601,16.935561639,1.1776268629383073,16.77818975,16.8306645,16.89433025,1000,NaN,NaN,NaN,NaN,NaN,NaN,NaN,NaN,NaN,NaN,NaN,NaN,NaN,NaN,NaN,NaN,NaN,NaN,NaN,NaN,NaN,NaN,NaN,NaN,NaN,NaN,NaN,NaN,NaN,NaN,NaN,NaN,NaN,NaN,NaN,NaN,NaN,NaN,NaN,NaN,0.0,0.0,0.0,0.0,0.0,0.0,0.0,5
MatrixAssembly_assembledCG_blocs,0.000357,0.006555,0.000476373,0.00047647266434812396,0.000395,0.000405,0.000418,1000,6.341116,11.404913,6.47553767,0.34505605426815383,6.3966925,6.428418,6.48776175,1000,0.275798,0.359685,0.28503857400000004,0.009865239894322083,0.27767075,0.282143,0.28805625,1000,0.139835,0.207259,0.14301972500000001,0.006681208992044404,0.14066775,0.1410765,0.1416275,1000,4.916129,9.756568,4.996115606,0.33280378361156104,4.9297115,4.9638615,5.0031885,1000,0.986973,1.221829,1.042541247,0.04887976741143508,1.0188495,1.021555,1.0503755,1000,0.001585,0.021889,0.0019060219999999998,0.0009311793616248161,0.001706,0.001749,0.00180225,1000,0.019655,0.055352,0.020454665,0.0021504041291754905,0.019972,0.0201,0.02025625,1000,6.375232,11.491125,6.511257036,0.3493204921263262,6.431608,6.464043,6.524155,1000,NaN,NaN,NaN,NaN,NaN,NaN,NaN,NaN,NaN,NaN,NaN,NaN,NaN,NaN,NaN,NaN,NaN,NaN,NaN,NaN,NaN,NaN,NaN,NaN,NaN,NaN,NaN,NaN,NaN,NaN,NaN,NaN,NaN,NaN,NaN,NaN,NaN,NaN,NaN,NaN,0.0,8.4,2.4,3.129217154497271,0.0,1.2,2.4,5
MatrixAssembly_direct,0.000618,0.001267,0.0008456480000000001,9.72407738348477e-05,0.000776,0.0008275,0.000897,1000,0.211267,44.64024,11.606698996999999,11.436073146851822,0.21524625,11.5132095,22.856894,2000,0.284033,0.412112,0.30972715100000003,0.011823858429725848,0.30329025,0.3065575,0.311394,1000,0.150655,0.22318,0.159966941,0.007944676079332563,0.155124,0.1578495,0.16267775,1000,14.730579,31.426098,14.936406827999999,1.139036577551436,14.8161445,14.845241,14.8761225,1000,7.450695,12.675954,7.570439003,0.3468540901977646,7.501808,7.522752,7.54484025,1000,0.003212,0.016978,0.004018669,0.0006876250005918924,0.00377575,0.003953,0.00418325,1000,0.030503,0.061501,0.033257639000000006,0.0021919012406308364,0.032426,0.032945,0.03351625,1000,22.767922,44.734157,23.059703835,1.4717491748079776,22.87907525,22.920966,22.9661355,1000,NaN,NaN,NaN,NaN,NaN,NaN,NaN,NaN,NaN,NaN,NaN,NaN,NaN,NaN,NaN,NaN,NaN,NaN,NaN,NaN,NaN,NaN,NaN,NaN,NaN,NaN,NaN,NaN,NaN,NaN,NaN,NaN,NaN,NaN,NaN,NaN,NaN,NaN,NaN,NaN,0.0,1.2,0.24,0.48000000000000004,0.0,0.0,0.0,5
MatrixAssembly_direct_blocs,0.000564,0.009583,0.000808169,0.0007754230448206965,0.000677,0.000701,0.000744,1000,0.211598,22.22885,6.70522934,6.5015614459625075,0.21815475,6.614235,13.154335,2000,0.28497,0.379588,0.304332288,0.009235653306564512,0.29984575,0.301999,0.30562,1000,0.151166,0.239776,0.161411122,0.008663720371821566,0.15840925,0.1605895,0.16224975,1000,4.977422,9.811703,5.157195928,0.32987408622886216,5.0807355,5.1383575,5.2040085,1000,7.460522,12.009642,7.550629642,0.31325255998301726,7.5049655,7.523683,7.54741575,1000,0.002728,0.017804,0.0038529050000000002,0.001450431870849162,0.0033475,0.003577,0.00380325,1000,0.029018,0.055445,0.031454509,0.002195928796641412,0.03052125,0.031062,0.03164225,1000,12.994302,22.324869,13.251699366,0.6405617773691995,13.1492645,13.2142255,13.274885,1000,NaN,NaN,NaN,NaN,NaN,NaN,NaN,NaN,NaN,NaN,NaN,NaN,NaN,NaN,NaN,NaN,NaN,NaN,NaN,NaN,NaN,NaN,NaN,NaN,NaN,NaN,NaN,NaN,NaN,NaN,NaN,NaN,NaN,NaN,NaN,NaN,NaN,NaN,NaN,NaN,0.0,0.0,0.0,0.0,0.0,0.0,0.0,5
MatrixAssembly_matrixfreeCG,0.000334,0.00309,0.00039406099999999997,9.812847333470546e-05,0.000368,0.000382,0.00040325,1000,5.534279,6.764005,5.806893212,0.2372428362036777,5.70995075,5.743946,5.785776,1000,0.274953,0.367397,0.279219461,0.007841886170206694,0.27607325,0.276837,0.2796235,1000,0.138563,0.188749,0.141596223,0.004934044314481883,0.13956,0.140414,0.14182425,1000,0.013252,0.028245,0.014200323,0.0013257477266324087,0.01374375,0.0139385,0.01426725,1000,5.092391,6.322599,5.363526679,0.23668679401101775,5.26826075,5.302501,5.3411555,1000,0.001331,0.011663,0.001502212,0.0004411562592279521,0.00142,0.001462,0.001519,1000,0.019119,0.039408,0.019763207999999997,0.0012760017628263686,0.01940375,0.0195345,0.019729,1000,5.56693,6.798794,5.840954892,0.23740392931299673,5.7433005,5.777884,5.819272,1000,NaN,NaN,NaN,NaN,NaN,NaN,NaN,NaN,NaN,NaN,NaN,NaN,NaN,NaN,NaN,NaN,NaN,NaN,NaN,NaN,NaN,NaN,NaN,NaN,NaN,NaN,NaN,NaN,NaN,NaN,NaN,NaN,NaN,NaN,NaN,NaN,NaN,NaN,NaN,NaN,0.0,7.3,1.46,2.92,0.0,0.0,0.0,5
FastTetrahedralCorotationalForceField,0.000998,0.014723,0.001321324,0.000963529889014347,0.001157,0.001199,0.001255,1000,8.729318,14.547715,9.057170073999998,0.45146381493645815,8.85821725,8.99925,9.0933435,1000,0.346724,1.213252,0.6821147845,0.24164594060746203,0.4739725,0.6224215,0.79235775,4000,0.267862,0.552104,0.38192233124999997,0.0457937132599937,0.35042375,0.3700165,0.403394,4000,0.619927,1.764217,0.75684242475,0.09588481853230123,0.6973025,0.741638,0.795634,4000,6.096675,11.953914,6.73898090075,0.43423548905769427,6.494812,6.721056,6.8831095,4000,0.008321,0.034113,0.010328434999999999,0.003132478454798213,0.009293,0.0096385,0.0100935,1000,0.045157,0.083064,0.049403012999999996,0.005234022240765796,0.04695375,0.047676,0.0487645,1000,8.836055,14.891771,9.176736843,0.4637612694330224,8.97558,9.1158585,9.2105495,1000,NaN,NaN,NaN,NaN,NaN,NaN,NaN,NaN,NaN,NaN,NaN,NaN,NaN,NaN,NaN,NaN,NaN,NaN,NaN,NaN,NaN,NaN,NaN,NaN,NaN,NaN,NaN,NaN,NaN,NaN,NaN,NaN,NaN,NaN,NaN,NaN,NaN,NaN,NaN,NaN,0.0,1.2,0.24,0.48000000000000004,0.0,0.0,0.0,5
HexahedronFEMForceField,0.097691,2.54322,0.11679595200000001,0.17071971071610828,0.1017195,0.1032255,0.106305,1000,1.288993,2.695702,1.3174800039999999,0.09533150151509198,1.29466275,1.298865,1.3283895,1000,0.052247,0.095879,0.054013115,0.003991222170184842,0.052541,0.0527515,0.05300125,1000,0.044324,0.07364,0.045593449,0.002704927523502062,0.04464475,0.0447705,0.04507375,1000,0.6839,2.003119,0.701814233,0.0900845248606258,0.68975575,0.6916225,0.69613425,1000,0.495158,0.603723,0.508558929,0.01662851492960087,0.4983525,0.501823,0.5080095,1000,0.001358,0.007412,0.001643033,0.0005936802690935585,0.001475,0.001528,0.001587,1000,0.013476,0.039308,0.014090797,0.0015052563541772545,0.01375,0.013821,0.0139395,1000,1.416335,5.271935,1.462658929,0.26613872740815453,1.425466,1.4320535,1.463241,1000,NaN,NaN,NaN,NaN,NaN,NaN,NaN,NaN,NaN,NaN,NaN,NaN,NaN,NaN,NaN,NaN,NaN,NaN,NaN,NaN,NaN,NaN,NaN,NaN,NaN,NaN,NaN,NaN,NaN,NaN,NaN,NaN,NaN,NaN,NaN,NaN,NaN,NaN,NaN,NaN,0.0,1.2,0.72,0.5878775382679627,0.0,1.2,1.2,5
TetrahedronFEMForceField,0.000709,0.010371,0.000907415,0.0003185226314957856,0.000829,0.000885,0.000939,1000,11.903835,14.006241,12.337630457000001,0.3106544374249371,12.08331175,12.1925225,12.63958875,1000,0.104412,0.808054,0.4011419855,0.24342628658088528,0.2024805,0.4355465,0.6443165,4000,0.083524,0.179667,0.1055926695,0.010600908508838748,0.1037285,0.105826,0.1135315,4000,0.014025,0.057763,0.01631536875,0.0025412962761695926,0.0150785,0.0158055,0.01655325,4000,2.094469,3.471039,2.55295108525,0.2209712364417516,2.5850655,2.6214655,2.7048905,4000,0.004228,0.025968,0.005004228,0.0008782974234369586,0.004732,0.004929,0.005138,1000,0.066203,0.120005,0.06945428999999999,0.004776937966930281,0.0677235,0.0685085,0.06947925,1000,13.590546,16.359987,14.099485721999999,0.3403327646201269,13.83636275,13.98766,14.3943085,1000,NaN,NaN,NaN,NaN,NaN,NaN,NaN,NaN,NaN,NaN,NaN,NaN,NaN,NaN,NaN,NaN,NaN,NaN,NaN,NaN,NaN,NaN,NaN,NaN,NaN,NaN,NaN,NaN,NaN,NaN,NaN,NaN,NaN,NaN,NaN,NaN,NaN,NaN,NaN,NaN,0.0,1.2,0.24,0.48,0.0,0.0,0.0,5
